    unsorted:	 171.3472991 171.3472991 171.3472991 171.3472991 171.3472991 171.3472991 171.3472991 171.3472991 171.3472991 171.3472991 3108.389156 3098.309770 3050.208541 3181.222245 2949.710881 2884.959024 2845.923748 2821.203308 2797.929633 2742.713079 3325.366617 3469.971225 3596.722512 3634.762050 3827.171474 3872.243761 4044.278379 4194.546502 4236.858926 4343.426565 4578.594635 4701.238881 4777.992723 4933.735573 5431.219062 5691.335335 5952.447737 6017.539391 6183.750244 6372.528734 6480.621940 1677.090765 1134.195993 1183.091414 942.5623113 174.0311052 193.8662894 236.5201418 105.7243648 652.8515597 495.3612090 430.0226617 6797.650362 7021.564930 7122.241462 7247.550817 7741.256741 8386.502947 8733.378269 8800.595581 8959.520017 10131.52165 11164.61792 11552.00618 12450.74885 13131.37415 16633.80823 18505.47902 21120.84442 24588.80032 57861.18476 74022.05205 83456.09217 530561.9666 2959829.380
      sorted:	 105.7243648 171.3472991 171.3472991 171.3472991 171.3472991 171.3472991 171.3472991 171.3472991 171.3472991 171.3472991 171.3472991 174.0311052 193.8662894 236.5201418 430.0226617 495.3612090 652.8515597 942.5623113 1134.195993 1183.091414 1677.090765 2742.713079 2797.929633 2821.203308 2845.923748 2884.959024 2949.710881 3050.208541 3098.309770 3108.389156 3181.222245 3325.366617 3469.971225 3596.722512 3634.762050 3827.171474 3872.243761 4044.278379 4194.546502 4236.858926 4343.426565 4578.594635 4701.238881 4777.992723 4933.735573 5431.219062 5691.335335 5952.447737 6017.539391 6183.750244 6372.528734 6480.621940 6797.650362 7021.564930 7122.241462 7247.550817 7741.256741 8386.502947 8733.378269 8800.595581 8959.520017 10131.52165 11164.61792 11552.00618 12450.74885 13131.37415 16633.80823 18505.47902 21120.84442 24588.80032 57861.18476 74022.05205 83456.09217 530561.9666 2959829.380
