    unsorted:	 171.3472991 171.3472991 171.3472991 171.3472991 171.3472991 171.3472991 171.3472991 171.3472991 171.3472991 171.3472991 3350.399438 3357.335615 2954.304046 2941.709165 3028.531614 3051.838627 2834.859355 2807.195992 2747.539795 2727.996314 3183.776493 2666.740242 2616.401109 3433.864634 3480.361959 3698.272859 3935.365857 4013.613494 4253.823287 4377.658763 4550.987751 4675.552337 2036.208053 4938.057451 5140.557461 5437.314559 5616.016659 6259.140726 6112.515937 6414.011224 6469.793781 6635.723804 1201.780419 1066.522264 6969.682834 706.1734768 532.7798015 249.6908212 198.3013569 330.2278765 154.4876984 96.02539756 7144.006885 7571.799317 7714.790990 7900.609126 8329.341790 8830.306157 9495.936355 9779.023883 10186.80466 11140.19937 12051.88500 13179.73690 14005.20017 17457.18837 18505.56297 20448.42635 22034.19858 24376.00093 57824.27867 74022.04337 85698.62253 550334.2279 57467083.30
      sorted:	 96.02539756 154.4876984 171.3472991 171.3472991 171.3472991 171.3472991 171.3472991 171.3472991 171.3472991 171.3472991 171.3472991 171.3472991 198.3013569 249.6908212 330.2278765 532.7798015 706.1734768 1066.522264 1201.780419 2036.208053 2616.401109 2666.740242 2727.996314 2747.539795 2807.195992 2834.859355 2941.709165 2954.304046 3028.531614 3051.838627 3183.776493 3350.399438 3357.335615 3433.864634 3480.361959 3698.272859 3935.365857 4013.613494 4253.823287 4377.658763 4550.987751 4675.552337 4938.057451 5140.557461 5437.314559 5616.016659 6112.515937 6259.140726 6414.011224 6469.793781 6635.723804 6969.682834 7144.006885 7571.799317 7714.790990 7900.609126 8329.341790 8830.306157 9495.936355 9779.023883 10186.80466 11140.19937 12051.88500 13179.73690 14005.20017 17457.18837 18505.56297 20448.42635 22034.19858 24376.00093 57824.27867 74022.04337 85698.62253 550334.2279 57467083.30
