    unsorted:	 1542.125688 1555.715934 1558.698318 1552.697459 1550.972922 1549.568831 1563.859563 1567.597212 1569.274904 1574.320732 1578.079486 1580.203687 1588.052883 1597.102518 1537.600496 1608.248882 1616.752888 1621.362572 1636.844872 1654.620986 1676.618482 1698.511842 1711.311784 1724.406610 1749.522488 1767.737207 1779.248967 1793.479796 1811.810242 1830.802716 1835.522257 1841.276886 1852.845379 1858.238425 1862.255284 1865.644049 1897.555063 1919.217882 1969.289631 2021.104022 2060.748222 2112.982473 2108.758055 2253.150078 2382.239636 2607.609170 1.547355984e-05 1.547355649e-05 7.723540124e-06 2904.806496 3425.858878 3512.027799 3749.752196 276.4147348 4054.421326 4317.819676 4560.436391 5628.193272 5827.409414 6550.694743 6945.704265 7078.637210 7372.767635 7558.763601 7647.445378 8171.552262 8584.214383 8939.093631 9764.757280 9754.718084 9550.620463 9903.997365 10209.57117 10634.53237 10908.59588 11076.47775 11409.22621 11427.42464 11474.90738 11975.94148 12199.66894 12322.40845 12480.34702 12751.19972 12674.45202 13017.08852 13105.57629 13309.91586 13748.14465 14284.57350 14603.89921 15189.86200 15437.46429 15705.92272 15943.76218 16394.08174 18676.88052 19709.57670 20157.08795 21726.08740 22949.64083 32646.86219 51912.62665 231108.1329 327084.4887 0.004935048945 0.004934987482 0.004935013784 0.004934987284
      sorted:	 7.723540124e-06 1.547355649e-05 1.547355984e-05 0.004934987284 0.004934987482 0.004935013784 0.004935048945 276.4147348 1537.600496 1542.125688 1549.568831 1550.972922 1552.697459 1555.715934 1558.698318 1563.859563 1567.597212 1569.274904 1574.320732 1578.079486 1580.203687 1588.052883 1597.102518 1608.248882 1616.752888 1621.362572 1636.844872 1654.620986 1676.618482 1698.511842 1711.311784 1724.406610 1749.522488 1767.737207 1779.248967 1793.479796 1811.810242 1830.802716 1835.522257 1841.276886 1852.845379 1858.238425 1862.255284 1865.644049 1897.555063 1919.217882 1969.289631 2021.104022 2060.748222 2108.758055 2112.982473 2253.150078 2382.239636 2607.609170 2904.806496 3425.858878 3512.027799 3749.752196 4054.421326 4317.819676 4560.436391 5628.193272 5827.409414 6550.694743 6945.704265 7078.637210 7372.767635 7558.763601 7647.445378 8171.552262 8584.214383 8939.093631 9550.620463 9754.718084 9764.757280 9903.997365 10209.57117 10634.53237 10908.59588 11076.47775 11409.22621 11427.42464 11474.90738 11975.94148 12199.66894 12322.40845 12480.34702 12674.45202 12751.19972 13017.08852 13105.57629 13309.91586 13748.14465 14284.57350 14603.89921 15189.86200 15437.46429 15705.92272 15943.76218 16394.08174 18676.88052 19709.57670 20157.08795 21726.08740 22949.64083 32646.86219 51912.62665 231108.1329 327084.4887
