    unsorted:	 171.3472991 171.3472991 171.3472991 171.3472991 171.3472991 171.3472991 171.3472991 171.3472991 171.3472991 171.3472991 3217.327730 3223.716629 3100.763098 3062.728137 3008.875203 2857.636654 2788.559335 2750.832814 2740.859835 2676.390439 2645.652320 2633.377767 3340.933616 3498.758782 3519.716117 3849.229653 3993.468657 4065.575203 4150.975528 4282.114460 4507.833522 4611.737090 4667.217491 5191.771269 5327.609576 5649.740496 5756.669343 5901.935480 1762.034936 6158.418010 6280.267066 6405.565124 6726.676930 6813.188161 7002.233163 1156.787516 997.0966221 586.6209024 742.1302683 552.9898748 498.3027190 161.6166846 155.9286121 185.0912638 358.1785496 7475.111725 8125.206499 8243.325029 8482.398680 8614.693483 8665.289479 9826.736414 10830.33528 11165.87336 11670.01594 12756.95205 16282.94962 18506.11687 21341.95829 24492.50620 57631.33855 74022.07279 80135.92329 364322.1353 649449.3140
      sorted:	 155.9286121 161.6166846 171.3472991 171.3472991 171.3472991 171.3472991 171.3472991 171.3472991 171.3472991 171.3472991 171.3472991 171.3472991 185.0912638 358.1785496 498.3027190 552.9898748 586.6209024 742.1302683 997.0966221 1156.787516 1762.034936 2633.377767 2645.652320 2676.390439 2740.859835 2750.832814 2788.559335 2857.636654 3008.875203 3062.728137 3100.763098 3217.327730 3223.716629 3340.933616 3498.758782 3519.716117 3849.229653 3993.468657 4065.575203 4150.975528 4282.114460 4507.833522 4611.737090 4667.217491 5191.771269 5327.609576 5649.740496 5756.669343 5901.935480 6158.418010 6280.267066 6405.565124 6726.676930 6813.188161 7002.233163 7475.111725 8125.206499 8243.325029 8482.398680 8614.693483 8665.289479 9826.736414 10830.33528 11165.87336 11670.01594 12756.95205 16282.94962 18506.11687 21341.95829 24492.50620 57631.33855 74022.07279 80135.92329 364322.1353 649449.3140
