    unsorted:	 463.0139041 1.986869201 -162.8825311 8892.345486 18419.42706 81121.75083 169765.2999 153555.1876 143266.5734 207616.9932 -113375.9921 -240618.4464 -330237.6565 -340884.8911 -313729.3978 -458675.6688 -478541.7441 -552250.8042 -590812.7309 -673165.6536 345039.1787 -764884.7497 -828259.5816 489327.3302 -902825.4819 -1005598.394 -1050353.462 592277.8887 -1124938.105 883790.8734 1082885.610 1290644.499 -1542203.069 1373494.787 1467077.099 1507772.218 1642344.305 1683846.416 1742317.692 -1769931.986 -1842420.553 -2204217.165 -2335240.788 -2490198.444 2418578.714 -3374293.998 -4601008.986 -6461872.678 6004185.466 -7675715.889 -9160074.663 -12566675.16 -13172158.68 13556376.95 -16962978.27 -17278255.28 15267936.58 -21887404.78 -28498302.89 -38382121.96 -51546166.69 -58989231.72 -66371165.37 -65904771.07 -71181256.01 -79816798.84 -82955765.93 -88866179.66 -97029651.61 -99867302.87 -103590751.4 61004007.70 -110033051.5 -114977901.3 -114521955.1 -118657143.3 -137336186.1 -145347533.3 -162097116.7 109922848.8 -180175674.5 -181467326.5 -193735956.9 -201445460.4 -208770274.2 -211411930.1 -213740243.5 -224602453.7 -223370828.1 -226166294.1 -242671221.7 197335719.0 -287556706.2 -336737454.3 274389556.9 -386907989.5 -397397998.7 382173755.2 586856601.5 -709412338.9 867456082.1 938699952.3 1230862441. 1355408435. -6664850637. 8551744441. -3.536318585e+10 6.320383892e+10 -5.948626268e+15 8.659732277e+16
      sorted:	 -5.948626268e+15 -3.536318585e+10 -6664850637. -709412338.9 -397397998.7 -386907989.5 -336737454.3 -287556706.2 -242671221.7 -226166294.1 -224602453.7 -223370828.1 -213740243.5 -211411930.1 -208770274.2 -201445460.4 -193735956.9 -181467326.5 -180175674.5 -162097116.7 -145347533.3 -137336186.1 -118657143.3 -114977901.3 -114521955.1 -110033051.5 -103590751.4 -99867302.87 -97029651.61 -88866179.66 -82955765.93 -79816798.84 -71181256.01 -66371165.37 -65904771.07 -58989231.72 -51546166.69 -38382121.96 -28498302.89 -21887404.78 -17278255.28 -16962978.27 -13172158.68 -12566675.16 -9160074.663 -7675715.889 -6461872.678 -4601008.986 -3374293.998 -2490198.444 -2335240.788 -2204217.165 -1842420.553 -1769931.986 -1542203.069 -1124938.105 -1050353.462 -1005598.394 -902825.4819 -828259.5816 -764884.7497 -673165.6536 -590812.7309 -552250.8042 -478541.7441 -458675.6688 -340884.8911 -330237.6565 -313729.3978 -240618.4464 -113375.9921 -162.8825311 1.986869201 463.0139041 8892.345486 18419.42706 81121.75083 143266.5734 153555.1876 169765.2999 207616.9932 345039.1787 489327.3302 592277.8887 883790.8734 1082885.610 1290644.499 1373494.787 1467077.099 1507772.218 1642344.305 1683846.416 1742317.692 2418578.714 6004185.466 13556376.95 15267936.58 61004007.70 109922848.8 197335719.0 274389556.9 382173755.2 586856601.5 867456082.1 938699952.3 1230862441. 1355408435. 8551744441. 6.320383892e+10 8.659732277e+16
