    unsorted:	 463.0139053 495063.1266 493949.5649 520450.6590 465081.4716 551825.2050 424487.7215 369326.0410 363973.1062 586083.9299 622079.2404 664595.0468 700263.4009 717779.1989 759278.3404 291519.9745 806603.4525 246830.4986 863621.1864 182625.5645 144586.6452 56959.57224 45754.38230 21102.15326 -12853.02327 -22899.54913 924964.9616 991667.9984 1052759.005 1081492.091 -141331.7027 -164435.3611 1147525.295 -232087.3516 1224955.624 1302165.091 1411248.432 1363244.296 -328090.2387 1482104.579 1555207.871 -411599.5070 -427976.2645 -498012.6889 1622990.823 1686847.826 1750999.655 1819868.005 -639904.0633 1898211.595 1989392.887 -770709.6398 2086249.136 -893871.4490 2176057.806 -1012875.609 -1052312.986 2277394.362 -1154792.501 2425078.560 -1310549.502 2633360.496 2705619.267 -1514453.347 2893969.519 -1749677.510 -1937530.773 -1993142.701 3212454.982 3425193.352 -2255031.357 3581513.341 3679683.153 -2565154.955 -2713456.913 4157293.012 -3087906.205 4513574.203 -3464847.158 5021652.273 -3835963.743 -3843488.234 5268553.902 -4143334.821 6633051.691 6864871.481 8137928.754 8589002.116 9305230.682 10529556.06 12277258.04 12990131.92 14840799.60 17930523.88 18628279.10 31615379.44 34567408.69 80951850.36 101798170.2 119605058.1 302847712.5 341281764.0 2801462131. 9435433755. -4.443516669e+10
      sorted:	 -4.443516669e+10 -4143334.821 -3843488.234 -3835963.743 -3464847.158 -3087906.205 -2713456.913 -2565154.955 -2255031.357 -1993142.701 -1937530.773 -1749677.510 -1514453.347 -1310549.502 -1154792.501 -1052312.986 -1012875.609 -893871.4490 -770709.6398 -639904.0633 -498012.6889 -427976.2645 -411599.5070 -328090.2387 -232087.3516 -164435.3611 -141331.7027 -22899.54913 -12853.02327 463.0139053 21102.15326 45754.38230 56959.57224 144586.6452 182625.5645 246830.4986 291519.9745 363973.1062 369326.0410 424487.7215 465081.4716 493949.5649 495063.1266 520450.6590 551825.2050 586083.9299 622079.2404 664595.0468 700263.4009 717779.1989 759278.3404 806603.4525 863621.1864 924964.9616 991667.9984 1052759.005 1081492.091 1147525.295 1224955.624 1302165.091 1363244.296 1411248.432 1482104.579 1555207.871 1622990.823 1686847.826 1750999.655 1819868.005 1898211.595 1989392.887 2086249.136 2176057.806 2277394.362 2425078.560 2633360.496 2705619.267 2893969.519 3212454.982 3425193.352 3581513.341 3679683.153 4157293.012 4513574.203 5021652.273 5268553.902 6633051.691 6864871.481 8137928.754 8589002.116 9305230.682 10529556.06 12277258.04 12990131.92 14840799.60 17930523.88 18628279.10 31615379.44 34567408.69 80951850.36 101798170.2 119605058.1 302847712.5 341281764.0 2801462131. 9435433755.
