    unsorted:	 385.5314224 399.5284357 402.0412440 396.9370454 395.1290998 393.4053468 405.8628329 408.3867258 411.3665673 413.7536889 388.7228688 427.4337321 444.4751444 464.2241747 467.5275623 470.5663898 371.3003890 482.1565324 485.7100156 501.3266312 506.7864572 533.2146128 618.2589392 675.5826052 1052.418057 1081.456927 959.6094377 1121.204592 1220.602863 1287.360032 1303.181522 1592.301455 1602.278782 1715.312736 1707.183647 1731.540606 1744.795343 1777.970714 1865.837519 1886.289142 1920.577720 1956.504331 1987.278932 2088.330015 2119.685315 2218.383966 2277.232105 2348.991856 2455.910452 2504.238945 2602.617212 2615.747124 2723.721880 2801.123597 2870.934227 2916.161919 2996.169601 3021.630423 3061.315566 3104.392787 3192.215108 3382.051790 3455.831401 3481.046882 3643.325989 3764.818569 3820.088997 4192.904217 4221.243908 4493.588003 5006.809546 4995.161085 4933.922788 4858.816393 4776.102137 5152.875611 5181.864000 5288.858236 5563.510157 5446.077478 5655.371865 5836.908454 5868.254597 5988.315786 6015.485547 6134.523855 6254.909727 6306.924667 6513.524276 6773.255578 6913.983677 6990.831595 7285.767903 7349.728646 7577.413504 7752.569886 8013.720953 8130.606542 8453.920985 9148.362385 9623.401078 9873.701190 10873.64808 12925.17667 13170.03444 22994.78451 36746.01370 104912.3810 205486.3724 322083.4414 745394.2265 20904285.47
      sorted:	 371.3003890 385.5314224 388.7228688 393.4053468 395.1290998 396.9370454 399.5284357 402.0412440 405.8628329 408.3867258 411.3665673 413.7536889 427.4337321 444.4751444 464.2241747 467.5275623 470.5663898 482.1565324 485.7100156 501.3266312 506.7864572 533.2146128 618.2589392 675.5826052 959.6094377 1052.418057 1081.456927 1121.204592 1220.602863 1287.360032 1303.181522 1592.301455 1602.278782 1707.183647 1715.312736 1731.540606 1744.795343 1777.970714 1865.837519 1886.289142 1920.577720 1956.504331 1987.278932 2088.330015 2119.685315 2218.383966 2277.232105 2348.991856 2455.910452 2504.238945 2602.617212 2615.747124 2723.721880 2801.123597 2870.934227 2916.161919 2996.169601 3021.630423 3061.315566 3104.392787 3192.215108 3382.051790 3455.831401 3481.046882 3643.325989 3764.818569 3820.088997 4192.904217 4221.243908 4493.588003 4776.102137 4858.816393 4933.922788 4995.161085 5006.809546 5152.875611 5181.864000 5288.858236 5446.077478 5563.510157 5655.371865 5836.908454 5868.254597 5988.315786 6015.485547 6134.523855 6254.909727 6306.924667 6513.524276 6773.255578 6913.983677 6990.831595 7285.767903 7349.728646 7577.413504 7752.569886 8013.720953 8130.606542 8453.920985 9148.362385 9623.401078 9873.701190 10873.64808 12925.17667 13170.03444 22994.78451 36746.01370 104912.3810 205486.3724 322083.4414 745394.2265 20904285.47
